      PRINT_OUT = .FALSE.

      PRINT_SIGMAS = .FALSE.

      RELIC_CANONICAL = .TRUE.

      DO_RELIC_DENSITY = .TRUE.

      DO_DIRECT_DETECTION = .FALSE.

      DO_DIRECTIONAL_DETECTION = .FALSE.

      DO_CAPTURE = .FALSE.

      DO_INDIRECT_DETECTION = .FALSE.

      DO_INDIRECT_SPECTRAL = .FALSE.

      ONLY2TO2LO = .FALSE.

      CALC_TAACS_ANN_ARRAY = .TRUE.

      CALC_TAACS_DM2DM_ARRAY = .TRUE.

      CALC_TAACS_SCATTERING_ARRAY = .TRUE.

      EPS_ODE = 1.000000000000000D-02

      XD_APPROX = .FALSE.

      RUNNING_AS = .TRUE.

      X_START = 5.000000000000000D+01

      X_END = 1.000000000000000D+03

      DX_STEP = 1.000000000000000D+00

      NGRID_INIT = 50

      NRES_POINTS = 100

      EPS_WIJ = 1.000000000000000D-02

      ITER_WIJ = 2

      SPU = 1.530000000000000D-02

      SPD = 1.910000000000000D-02

      SPS = 4.470000000000000D-02

      SPG = 9.209000000000001D-01

      SNU = 1.100000000000000D-02

      SND = 2.730000000000000D-02

      SNS = 4.470000000000000D-02

      SNG = 9.170000000000000D-01

      VPU = 2.000000000000000D+00

      VPD = 1.000000000000000D+00

      VNU = 1.000000000000000D+00

      VND = 2.000000000000000D+00

      AVPU = 8.420000000000000D-01

      AVPD = -4.270000000000000D-01

      AVPS = -8.500000000000001D-02

      AVNU = -4.270000000000000D-01

      AVND = 8.420000000000000D-01

      AVNS = -8.500000000000001D-02

      SIGPU = 8.400000000000000D-01

      SIGPD = -2.300000000000000D-01

      SIGPS = -4.600000000000000D-02

      SIGNU = -2.300000000000000D-01

      SIGND = 8.400000000000000D-01

      SIGNS = -4.600000000000000D-02

      MATERIAL = 1

      VMP = 2.200000000000000D+02

      VESCAPE = 6.500000000000000D+02

      RHODM = 3.000000000000000D-01

      DETECTOR_SIZE = 1.000000000000000D+03

      EN_THRESHOLD = 4.000000000000000D+00

      LAMBD = 1.000000000000000D+00

      SIG_THETA = 3.000000000000000D+00

      EN_MIN = 0.000000000000000D+00

      EN_MAX = 1.000000000000000D+02

      COS_MIN = -1.000000000000000D+00

      COS_MAX = 1.000000000000000D+00

      DAY_MIN = 0.000000000000000D+00

      DAY_MAX = 3.650000000000000D+02

      ENERGY_BINS = 100

      COS_THETA_BINS = 20

      DAY_BINS = 10

      SMEARING = .FALSE.

      VAVE_INDIRECT = 2.000000000000000D-05

      VAVE_INDIRECT_LINE = 7.500000000000000D-04

